0	0.281982422
0.01	0.723754883
0.02	1.310559154
0.03	1.979063869
0.04	2.721098661
0.05	3.530531645
0.06	4.542224407
0.07	5.639515877
0.08	6.956667423
0.09	8.33009243
0.1	9.80177021
0.11	11.26666164
0.12	12.77427197
0.13	14.41310406
0.14	16.02843475
0.15	17.67021942
0.16	19.38342094
0.17	21.06690598
0.18	22.72242165
0.19	24.44798088
0.2	26.14136696
0.21	27.9010067
0.22	29.62628746
0.23	31.31942177
0.24	33.03123093
0.25	34.75984192
0.26	36.45719528
0.27	38.12641525
0.28	39.8167038
0.29	41.47834396
0.3	43.11541748
0.31	44.72916794
0.32	46.32314682
0.33	47.94571304
0.34	49.5476265
0.35	51.12972641
0.36	52.64761353
0.37	54.20291901
0.38	55.69546509
0.39	57.22796631
0.4	58.65360641
0.41	60.07706451
0.42	61.54738235
0.43	62.96466064
0.44	64.38059998
0.45	65.79653931
0.46	67.16487885
0.47	68.49037933
0.48	69.82493591
0.49	71.12002563
0.5	72.42598724
0.51	73.64896393
0.52	74.9376297
0.53	76.19142914
0.54	77.41383362
0.55	78.60799408
0.56	79.77672577
0.57	80.97019958
0.58	82.09070587
0.59	83.24076843
0.6	84.36981201
0.61	85.47994995
0.62	86.52545929
0.63	87.6080246
0.64	88.67632294
0.65	89.68539429
0.66	90.73394012
0.67	91.72524261
0.68	92.71141052
0.69	93.69295502
0.7	94.67033386
0.71	95.6439743
0.72	96.56663513
0.73	97.49224091
0.74	98.41806793
0.75	99.29891205
0.76	100.1856689
0.77	101.0789719
0.78	101.975708
0.79	102.8303833
0.8	103.6459732
0.81	104.4276123
0.82	105.22509
0.83	106.0368042
0.84	106.8137436
0.85	107.6082077
0.86	108.369606
0.87	109.1488571
0.88	109.8977814
0.89	110.6645889
0.9	111.3559341
0.91	112.0721436
0.92	112.7167358
0.93	113.3896484
0.94	114.090477
0.95	114.8152237
0.96	115.4674835
0.97	116.1021271
0.98	116.7660751
0.99	117.4112473
1	117.9918976
1.01	118.6084747
1.02	119.2573853
1.03	119.8426285
1.04	120.4621201
1.05	121.0196686
1.06	121.6154556
1.07	122.1516647
1.08	122.729454
1.09	123.2958603
1.1	123.8044052
1.11	124.3573151
1.12	124.9025421
1.13	125.3456345
1.14	125.8847885
1.15	126.4176559
1.16	126.8972168
1.17	127.376442
1.18	127.854126
1.19	128.3780365
1.2	128.8495636
1.21	129.2739258
1.22	129.7498627
1.23	130.1781921
1.24	130.6576843
1.25	131.1368256
1.26	131.5680695
1.27	132.0025635
1.28	132.4412231
1.29	132.8824005
1.3	133.2794647
1.31	133.6844177
1.32	134.0488739
1.33	134.4708862
1.34	134.8970795
1.35	135.1878967
1.36	135.5900116
1.37	135.9982758
1.38	136.3669586
1.39	136.745163
1.4	137.0379181
1.41	137.3966217
1.42	137.7658539
1.43	138.0981445
1.44	138.3972168
1.45	138.760376
1.46	139.0872192
1.47	139.4753723
1.48	139.7307129
1.49	140.0081329
1.5	140.3517914
1.51	140.6598816
1.52	140.9859772
1.53	141.278244
1.54	141.587677
1.55	141.8673859
1.56	142.1655121
1.57	142.4350433
1.58	142.723999
1.59	143.0304565
1.6	143.3062592
1.61	143.6020966
1.62	143.8683472
1.63	144.1543579
1.64	144.4129944
1.65	144.6445465
1.66	144.852951
1.67	145.0417175
1.68	145.3043823
1.69	145.5883942
1.7	145.7976227
1.71	146.0310974
1.72	146.2900391
1.73	146.5218811
1.74	146.7781372
1.75	147.0087738
1.76	147.2163391
1.77	147.4507599
1.78	147.6617279
1.79	147.8040009
1.8	148.0260468
1.81	148.2722626
1.82	148.4950714
1.83	148.6943817
1.84	148.8749847
1.85	149.1315308
1.86	149.3148041
1.87	149.4797668
1.88	149.6282196
1.89	149.8558197
1.9	150.0606689
1.91	150.1986542
1.92	150.3692017
1.93	150.5703125
1.94	150.7501068
1.95	150.866745
1.96	151.0168762
1.97	151.2008362
1.98	151.3651733
1.99	151.4654694
2	151.6509552
2.01	151.7702789
2.02	151.9728851
2.03	152.0600281
2.04	152.2324371
2.05	152.3888397
2.06	152.5283661
2.07	152.6539307
2.08	152.7669525
2.09	152.9162903
2.1	153.0970764
2.11	153.2133942
2.12	153.3180847
2.13	153.4586792
2.14	153.6328278
2.15	153.7431793
2.16	153.8876648
2.17	154.0189056
2.18	154.1846466
2.19	154.2861938
2.2	154.3763733
2.21	154.4587402
2.22	154.6268768
2.23	154.7318115
2.24	154.8250427
2.25	154.956543
2.26	155.1212921
2.27	155.1767883
2.28	155.2731171
2.29	155.3585815
2.3	155.4843445
2.31	155.5962982
2.32	155.698288
2.33	155.7888641
2.34	155.9179688
2.35	155.987793
2.36	156.0970306
2.37	156.1477203
2.38	156.288559
2.39	156.4141083
2.4	156.4806976
2.41	156.5406342
2.42	156.594574
2.43	156.6894989
2.44	156.7761688
2.45	156.8529358
2.46	156.969635
2.47	157.0282745
2.48	157.1738281
2.49	157.2120667
2.5	157.2928467
2.51	157.3655701
2.52	157.431015
2.53	157.4899139
2.54	157.5905151
2.55	157.6798553
2.56	157.7614594
2.57	157.8337097
2.58	157.9463348
2.59	158.001297
2.6	158.0495453
2.61	158.2345886
2.62	158.2131195
2.63	158.289032
2.64	158.3085175
2.65	158.373642
2.66	158.4798889
2.67	158.5278778
2.68	158.5710907
2.69	158.7039642
2.7	158.7771606
2.71	158.7954407
2.72	158.8582611
2.73	158.8684387
2.74	158.9251862
2.75	158.9762726
2.76	159.0210266
2.77	159.108902
2.78	159.1416168
2.79	159.217453
2.8	159.2856903
2.81	159.3470917
2.82	159.4023743
2.83	159.4521179
2.84	159.4505005
2.85	159.543045
2.86	159.5787201
2.87	159.6108398
2.88	159.6397552
2.89	159.7597504
2.9	159.7737732
2.91	159.7875977
2.92	159.8928223
2.93	159.9875336
2.94	159.9787598
2.95	160.0184784
2.96	160.053009
2.97	160.1316833
2.98	160.2037201
2.99	160.2673187
3	160.3245697
3.01	160.3760986
3.02	160.4224701
3.03	160.370224
3.04	160.418396
3.05	160.5545349
3.06	160.4890594
3.07	160.5241394
3.08	160.5093231
3.09	160.5899658
3.1	160.6149597
3.11	160.6374359
3.12	160.7516785
3.13	160.7604828
3.14	160.8160248
3.15	160.7720184
3.16	160.7787933
3.17	160.8325043
3.18	160.9272308
3.19	160.9185028
3.2	161.0046234
3.21	161.0357513
3.22	161.0637665
3.23	161.0877533
3.24	161.1105652
3.25	161.1310883
3.26	161.1959686
3.27	161.2543335
3.28	161.2128754
3.29	161.2707977
3.3	161.3216858
3.31	161.3674774
3.32	161.4087067
3.33	161.4470367
3.34	161.386322
3.35	161.4256592
3.36	161.555069
3.37	161.5775452
3.38	161.5049896
3.39	161.5324554
3.4	161.5571899
3.41	161.5794525
3.42	161.6006927
3.43	161.6186066
3.44	161.6347198
3.45	161.6492157
3.46	161.6158905
3.47	161.5858765
3.48	161.6992645
3.49	161.6133118
3.5	161.6299438
3.51	161.6461487
3.52	161.7534943
3.53	161.7561188
3.54	161.7584839
3.55	161.8558197
3.56	161.8482208
3.57	161.8413696
3.58	161.8352051
3.59	161.924881
3.6	161.9103699
3.61	161.8973083
3.62	161.979538
3.63	161.9607849
3.64	161.9426727
3.65	161.9263763
3.66	162.005722
3.67	162.0783386
3.68	162.0484772
3.69	162.0216064
3.7	161.9974213
3.71	162.1172638
3.72	162.0371246
3.73	162.0113983
3.74	162.0822144
3.75	162.0531921
3.76	162.1198425
3.77	162.0858307
3.78	162.0552216
3.79	162.1228943
3.8	162.0885773
3.81	162.1053009
3.82	162.1191254
3.83	162.1327972
3.84	162.1914978
3.85	162.1979218
3.86	162.2501068
3.87	162.2042847
3.88	162.2558289
3.89	162.2082214
3.9	162.2593689
3.91	162.3066254
3.92	162.2539368
3.93	162.3005066
3.94	162.3436432
3.95	162.3812561
3.96	162.3210907
3.97	162.3609467
3.98	162.398056
3.99	162.3826141
4	162.3699188
4.01	162.3108978
4.02	162.3530121
4.03	162.389679
4.04	162.3286743
4.05	162.3677826
4.06	162.4981842
4.07	162.4263458
4.08	162.3616791
4.09	162.3987122
4.1	162.4308014
4.11	162.4133148
4.12	162.396347
4.13	162.4299011
4.14	162.4588776
4.15	162.4849701
4.16	162.5096588
4.17	162.5306702
4.18	162.597168
4.19	162.6094208
4.2	162.5740662
4.21	162.588623
4.22	162.6493378
4.23	162.6099854
4.24	162.6209564
4.25	162.6308441
4.26	162.6397247
4.27	162.648941
4.28	162.7024078
4.29	162.6577606
4.3	162.6651611
4.31	162.6706238
4.32	162.5815277
4.33	162.5953522
4.34	162.6090088
4.35	162.6200867
4.36	162.6300507
4.37	162.6390076
4.38	162.6483002
4.39	162.6554413
4.4	162.66185
4.41	162.7628632
4.42	162.6645355
4.43	162.6700592
4.44	162.7702484
4.45	162.7651825
4.46	162.7606354
4.47	162.756546
4.48	162.7540741
4.49	162.844635
4.5	162.8321381
4.51	162.7281189
4.52	162.8212738
4.53	162.8111115
4.54	162.8019714
4.55	162.7949677
4.56	162.881424
4.57	162.8652496
4.58	162.8519135
4.59	162.8386993
4.6	162.9207916
4.61	162.9019012
4.62	162.8836823
4.63	162.9612885
4.64	162.9371185
4.65	162.9166107
4.66	162.8969116
4.67	162.8791962
4.68	162.9584503
4.69	162.9345703
4.7	162.9130859
4.71	162.9413605
4.72	162.9667969
4.73	162.8480988
4.74	162.8352509
4.75	162.9189148
4.76	162.9465942
4.77	162.876297
4.78	162.8618622
4.79	162.9416351
4.8	162.9194336
4.81	162.8994598
4.82	162.9766998
4.83	162.951004
4.84	163.0218658
4.85	163.0392609
4.86	162.9609222
4.87	162.9844055
4.88	163.0055389
4.89	162.976944
4.9	162.9512177
4.91	163.0232849
4.92	162.9929199
4.93	162.9656067
4.94	162.9410095
4.95	163.0140839
4.96	162.9846497
4.97	163.0521393
4.98	163.0665131
4.99	163.0794373
5	163.043457
5.01	163.0123138
5.02	163.0770416
5.03	163.0413055
5.04	163.00914
5.05	163.0754242
5.06	163.1338348
5.07	163.0924225
5.08	163.0563812
5.09	163.0227051
5.1	163.0864105
5.11	163.1449432
5.12	163.102417
5.13	163.0641479
5.14	163.1249237
5.15	163.0843964
5.16	163.0479126
5.17	163.0150909
5.18	163.0807648
5.19	163.0446625
5.2	163.1061554
5.21	163.1627197
5.22	163.1184235
5.23	163.0785522
5.24	163.1378784
5.25	163.0960541
5.26	163.15242
5.27	163.1103668
5.28	163.0713043
5.29	163.1301422
5.3	163.1843109
5.31	163.1378632
5.32	163.0960388
5.33	163.1523895
5.34	163.1103363
5.35	163.1652679
5.36	163.1207123
5.37	163.175827
5.38	163.1302185
5.39	163.0891571
5.4	163.1474304
5.41	163.1510468
5.42	163.1555023
5.43	163.1119232
5.44	163.167923
5.45	163.1230927
5.46	163.22435
5.47	163.1275024
5.48	163.1807098
5.49	163.134613
5.5	163.0943451
5.51	163.1508636
5.52	163.2017517
5.53	163.1547699
5.54	163.1112518
5.55	163.1660919
5.56	163.1690521
5.57	163.1717377
5.58	163.1265259
5.59	163.2274475
5.6	163.2242737
5.61	163.1738129
5.62	163.1284027
5.63	163.1827393
5.64	163.1840515
5.65	163.1840057
5.66	163.1387787
5.67	163.1908722
5.68	163.2377472
5.69	163.1871643
5.7	163.1404114
5.71	163.1923218
5.72	163.2402802
5.73	163.2822113
5.74	163.2259521
5.75	163.2705536
5.76	163.3094482
5.77	163.3444672
5.78	163.2832184
5.79	163.3208618
5.8	163.3083496
5.81	163.2494965
5.82	163.2441254
5.83	163.285675
5.84	163.2290649
5.85	163.1793518
5.86	163.2273712
5.87	163.2705994
5.88	163.2167206
5.89	163.1670227
5.9	163.2638855
5.91	163.2570648
5.92	163.2973328
5.93	163.239563
5.94	163.2827911
5.95	163.3204803
5.96	163.2603912
5.97	163.3015442
5.98	163.2433472
5.99	163.3789673
